5
11
3.000000
10.000000
10.000000
10.000000
20.000000
3.000000
0.000000
0.500000
0.000000
0
0.500000
3.333333
0.666667
2333.000000
2333.000000
2333.000000
1.000000
1.000000
1.000000
1.000000
104.000000
104.000000
6.000000
104.000000
104.000000
90.280000
90.280000
576.000000
10.000000
100.000000
100.000000
99.000000
100.000000
100.000000
99.000000
100.000000
1.000000
3.333333
0.000000
1.916667
1.000000
-1.000000
2.000000
1.000000
0.000000
0.000000
3.333333
2.500000
13.000000
13.000000
12.600000
19.000000
10.000000
999.990000
2.000000
0.000000
0.300000
0.841471
3.000000
6.000000
0.000000
8.000000
0.089919
0.205071
-0.635860
-0.018298
0.420167
-1.229497
664.572024
227.0000000.039821
